0.074892 0.202206 1.363617 1758490831561256707 1758490831129230103 0.000017 -0.000032 0.000121
0.074607 0.201924 1.363627 1758490837565912502 1758490837580435418 -0.000033 -0.000149 -0.000348
0.074666 0.202008 1.363623 1758490838563690496 1758490837990537315 -0.000035 -0.000052 -0.000279
0.074727 0.202090 1.363623 1758490841635516242 1758490841574308966 0.000029 -0.000059 0.000106
0.074727 0.202090 1.363623 1758490842638232837 1758490842518550466 0.000040 0.000027 0.000183
0.074383 0.201724 1.363631 1758490846639038842 1758490846124913444 0.000080 -0.000117 0.000308
0.074504 0.201889 1.363628 1758490849640811867 1758490849357104434 0.000047 -0.000121 0.000755
0.074952 0.202289 1.363621 1758490852577672710 1758490852522385030 0.000049 -0.000075 0.000376
0.074653 0.202023 1.363626 1758490853643711084 1758490853452917432 0.000274 0.000031 0.000286
0.102850 0.386154 1.450734 1758490857646641189 1758490857042475565 -0.016256 -0.081106 0.394126
0.064871 0.459562 1.393238 1758490860649015702 1758490860355247482 -0.031877 -0.022067 0.675291
0.045093 0.506379 1.372984 1758490863652982315 1758490863561754301 -0.091580 -0.052505 0.649890
0.067967 0.783526 1.489850 1758490867653826160 1758490866868663491 0.016123 -0.008519 0.719353
0.106494 1.489900 1.512472 1758490870656624544 1758490870530041552 -0.010915 -0.027139 0.770724
0.140342 1.557643 1.522310 1758490871390614177 1758490870861485007 0.011025 -0.049401 0.860361
0.611372 2.061517 1.519909 1758490874524719671 1758490874636756304 -0.015470 -0.089224 0.913594
0.621096 2.074754 1.510634 1758490875660059902 1758490874854658228 -0.015129 -0.060915 0.862785
0.762184 2.165763 1.273768 1758490878661389409 1758490877970549601 -0.068141 -0.037926 0.904882
1.011017 2.290094 1.381076 1758490884667072756 1758490884583390804 -0.045741 -0.017313 0.171295
0.989211 2.279356 1.378009 1758490885666370792 1758490885504728374 -0.070071 -0.004670 0.101149
0.986490 2.265569 1.373034 1758490886669107757 1758490886110900332 -0.061004 0.008448 0.271106
1.143054 2.270842 1.373708 1758490889668699890 1758490889616746471 -0.021398 0.039612 0.439415
1.248880 2.401407 1.366755 1758490893672077327 1758490892867659226 -0.095918 -0.106925 0.367571
1.379317 2.385557 1.362242 1758490896540522314 1758490896256748426 -0.104865 -0.009873 0.520884
1.558768 2.432008 1.375429 1758490899670408933 1758490899519536876 -0.075073 0.100217 0.659909
1.572719 2.366855 1.370084 1758490900610116673 1758490900131125197 -0.122304 0.021832 0.640921
1.760549 2.470717 1.372977 1758490903612306740 1758490903668554178 -0.094299 0.005052 0.829901
1.778557 2.462479 1.372005 1758490904613600354 1758490904039306028 -0.099186 0.002378 0.943766
1.860509 2.554828 1.380459 1758490907615306378 1758490907586416745 -0.078246 0.005101 0.731022
1.893909 2.510156 1.378853 1758490908616136835 1758490908065960897 -0.068318 0.028761 0.739258
2.056026 2.432812 1.380335 1758490911620259380 1758490911308813605 -0.051216 -0.006158 0.542690
2.216998 2.454462 1.367295 1758490914620068518 1758490914461328716 -0.082516 -0.052200 0.848445
2.218056 2.479853 1.360494 1758490915621433533 1758490914872453925 -0.059007 -0.063418 0.813479
2.515735 2.694771 1.373283 1758490921625492149 1758490921631905370 -0.062351 -0.059228 0.945652
2.512169 2.691275 1.374293 1758490922625490333 1758490921969582367 -0.053672 -0.059104 0.950688
2.571089 2.901418 1.382460 1758490925630239226 1758490925183099169 -0.028937 -0.061678 0.887689
2.821722 2.930118 1.354983 1758490928630014781 1758490928607446092 -0.059958 -0.013885 0.889629
2.831952 2.951848 1.356822 1758490929629879988 1758490928819557027 -0.038178 -0.002344 0.826013
2.986020 3.101452 1.343866 1758490932632735813 1758490932419817177 -0.086054 -0.042859 0.894042
3.085414 3.345376 1.353356 1758490935636743707 1758490935614471521 -0.015271 -0.025422 0.855863
3.187781 3.298587 1.352016 1758490939637873302 1758490938814630120 -0.010590 -0.020441 0.687842
3.269118 3.087080 1.360003 1758490942640098667 1758490942131928799 0.006166 -0.009784 0.443670
3.267449 2.965026 1.362622 1758490945643053945 1758490945511183169 0.016242 -0.006355 0.289899
3.270131 2.952759 1.362784 1758490946576390900 1758490945984154012 0.031775 0.015469 0.242853
3.273762 3.055631 1.368113 1758490949645081268 1758490949607526467 0.011116 -0.042506 0.483282
3.261321 3.094264 1.369281 1758490950645673958 1758490950323467556 0.003822 -0.064963 0.572468
3.196022 3.254625 1.372716 1758490953649003219 1758490953670320014 -0.009623 -0.080977 0.773304
3.193024 3.259176 1.372373 1758490954648648785 1758490953805474219 -0.002963 -0.079025 0.814168
3.113116 3.382563 1.379455 1758490957650654757 1758490957128028032 -0.006637 -0.112863 0.953972
3.050372 3.474067 1.373064 1758490960653817915 1758490960531138611 -0.035540 -0.089390 1.227879
3.011791 3.501046 1.388120 1758490961653378499 1758490961364272077 -0.025441 -0.101776 1.273386
2.908796 3.590227 1.377578 1758490964655412303 1758490964577833597 -0.058155 -0.112193 1.498106
2.892599 3.599841 1.376097 1758490965588863925 1758490964924875483 -0.080245 -0.114179 1.586274
3.003013 3.512538 1.368373 1758490968592478131 1758490968513383093 -0.067882 -0.097087 1.334625
3.202031 3.532226 1.374671 1758490972661188834 1758490971725047135 -0.034076 -0.082012 1.053266
3.344094 3.592637 1.376012 1758490975664388265 1758490974918653147 -0.022791 -0.113164 1.079639
3.415315 3.523469 1.355231 1758490978603534574 1758490978484205882 -0.035151 -0.077873 1.099806
3.461472 3.717530 1.319113 1758490982669002747 1758490982170667584 -0.177392 -0.048821 0.798859
3.502332 3.692735 1.206154 1758490985604219192 1758490985626915976 -0.342679 0.014361 0.727106
3.499681 3.689950 1.193814 1758490986605741558 1758490986016042069 -0.369530 0.023269 0.731492
3.501182 3.690351 1.219834 1758490989473657675 1758490989532583232 -0.276412 0.013761 0.740959
3.501182 3.690351 1.219834 1758490990473866701 1758490989532583232 -0.211510 0.012305 0.775482
3.511276 3.767737 1.321884 1758490993609381625 1758490992870830245 -0.038986 -0.045191 0.876841
3.547626 3.753220 1.353705 1758490996611605076 1758490996097264522 -0.025973 -0.080578 0.959360
3.695154 3.718898 1.366134 1758491000615130402 1758490999988297545 -0.022542 0.004106 1.051941
3.722043 3.721327 1.314712 1758491003616733645 1758491003073129554 -0.006431 -0.021956 0.985607
3.789053 3.937583 1.330769 1758491006618641271 1758491006665566860 -0.014386 -0.036831 0.719589
3.789053 3.937583 1.330769 1758491007621193346 1758491006665566860 -0.020816 -0.038946 0.648475
3.863008 3.699161 1.334422 1758491010621591292 1758491010569485049 -0.011784 -0.013344 0.409894
3.920009 3.930943 1.350003 1758491014624451909 1758491014172322828 -0.002391 -0.056442 0.791616
4.135146 4.007125 1.350050 1758491017626621418 1758491017489807881 0.001471 -0.073944 0.794938
4.142623 4.077169 1.344871 1758491018626943754 1758491018168889902 -0.015470 -0.072143 0.778377
4.319726 4.117417 1.347248 1758491021628911481 1758491021370211831 0.008268 -0.065811 0.883160
4.481835 4.118012 1.350422 1758491024633343094 1758491024576529765 0.037154 -0.041447 0.694309
4.480507 4.174799 1.352808 1758491025632282642 1758491024935313103 0.020235 -0.039912 0.759418
4.506883 4.182180 1.343825 1758491028629201018 1758491028129842453 0.020127 -0.044391 0.471452
4.531838 4.078618 1.343220 1758491031637928920 1758491031629995948 0.015488 -0.026573 0.397710
4.515954 4.158375 1.336465 1758491032636920997 1758491032431213417 0.015289 -0.041464 0.509675
4.509273 4.200085 1.336026 1758491033638863823 1758491032772015102 0.016268 -0.068931 0.678543
4.599927 4.302983 1.336428 1758491036642931231 1758491036443161022 -0.021732 -0.055088 1.096145
4.468300 4.471191 1.329541 1758491039641766092 1758491039617382469 -0.058439 -0.044999 1.320604
4.374915 4.538707 1.345230 1758491043645084946 1758491042840860643 0.028698 -0.095086 1.223520
4.683923 4.413730 1.362090 1758491046647094074 1758491046018314422 0.002286 -0.048592 1.221907
4.624833 4.676362 1.343746 1758491049649438550 1758491049534552947 -0.016066 -0.080681 1.143713
4.583827 4.695308 1.340320 1758491050650048931 1758491050573890682 -0.038577 -0.076374 1.162241
4.554040 4.724691 1.332410 1758491051583908278 1758491051169891663 -0.053558 -0.062533 1.228099
4.733181 4.708046 1.337077 1758491054652563261 1758491054530002176 -0.025896 -0.058346 1.248403
4.899464 4.490741 1.352143 1758491058655567607 1758491058428660720 0.032483 -0.065361 0.988879
5.019330 4.586309 1.327811 1758491061659394177 1758491061633254855 -0.026246 -0.039559 0.837823
5.033461 4.619697 1.333272 1758491062591908457 1758491062350311961 -0.039520 -0.035860 0.750550
5.015081 4.792093 1.303366 1758491065662058316 1758491065536648600 -0.050986 -0.039594 0.810769
5.137655 4.586783 1.325867 1758491069663145753 1758491068800915085 -0.036002 -0.060787 1.068680
5.002535 4.760457 1.332009 1758491072667937795 1758491072054288828 -0.071065 -0.097831 1.198658
5.202103 4.613265 1.329003 1758491075467753729 1758491075252208309 -0.029786 -0.033129 1.171519
5.252299 4.484182 1.333021 1758491081537926580 1758491081633057934 -0.045588 -0.070290 1.395797
5.262911 4.487987 1.337667 1758491082540280641 1758491082557867235 -0.035770 -0.086508 1.385620
5.262911 4.487987 1.337667 1758491083540171259 1758491082557867235 -0.086496 -0.049789 1.366772
5.350417 4.393169 1.298766 1758491086610541378 1758491085873382633 -0.069211 0.000050 1.480123
5.316236 4.479877 1.314655 1758491089611319933 1758491089646077928 -0.094994 -0.025848 1.465004
5.311968 4.487640 1.312988 1758491090612416608 1758491089895609142 -0.092669 -0.038113 1.437167
5.606203 4.369491 1.331195 1758491093616304502 1758491093481510781 -0.091596 -0.036942 1.443141
5.575604 4.483642 1.320538 1758491096616493187 1758491096592764784 -0.083701 -0.042160 1.436573
5.702975 4.477646 1.318661 1758491100618769949 1758491100000508847 -0.091723 -0.048543 1.457284
5.509499 4.388457 1.338821 1758491106622642223 1758491106539334068 -0.042282 -0.060012 1.547884
5.460017 4.424362 1.328376 1758491107423265791 1758491106873336154 -0.074938 -0.067826 1.538048
5.232335 4.512131 1.320023 1758491110625984289 1758491110171155896 -0.095151 -0.047305 1.453451
5.125043 4.479474 1.310088 1758491113628290299 1758491113644648761 -0.076120 -0.051148 1.461216
5.116489 4.480446 1.316931 1758491114628681907 1758491113987708717 -0.094620 -0.088405 1.412892
5.061606 4.506184 1.288594 1758491117630486141 1758491117441984586 -0.185849 -0.127479 1.435356
5.024596 4.447652 1.282810 1758491120632636174 1758491120605823342 -0.119563 0.028633 1.483755
5.067716 4.389609 1.275592 1758491121634797041 1758491121427475738 -0.143363 0.101466 1.507350
4.884844 4.500328 1.291194 1758491124635750387 1758491124592237014 -0.093475 -0.009541 1.505786
4.798027 4.391770 1.305373 1758491128638461409 1758491127883116543 -0.116739 -0.045352 1.441093
4.721253 4.372042 1.310436 1758491131640429589 1758491131470784116 -0.102057 -0.084476 1.355291
4.564919 4.463751 1.314625 1758491134642395585 1758491134645164306 -0.088663 -0.090078 1.311548
4.564919 4.463751 1.314625 1758491135643623162 1758491134645164306 -0.100200 -0.076123 1.332837
4.562659 4.411338 1.324247 1758491138645200120 1758491138482630161 -0.082645 -0.058989 1.462200
4.380049 4.509042 1.302368 1758491142648421668 1758491142529660798 -0.088628 -0.055680 1.424184
4.362687 4.460132 1.332477 1758491145652396903 1758491145625172315 -0.061652 -0.072368 1.439417
4.216208 4.548249 1.301867 1758491149653363667 1758491148828915500 -0.077726 -0.018641 1.425048
4.177030 4.585264 1.287807 1758491152656642519 1758491152053280583 -0.173311 -0.084395 1.489227
3.891196 4.693278 1.315702 1758491161661786783 1758491161424114313 -0.075827 -0.012427 1.556036
3.908699 4.696258 1.311097 1758491162664195005 1758491162489375011 -0.079709 -0.014114 1.570847
3.932132 4.687061 1.311728 1758491163597125661 1758491162907086565 -0.091158 -0.026622 1.625896
3.791922 4.757713 1.320473 1758491166661194201 1758491166388643286 -0.076094 -0.039377 1.521727
6.207342 6.044106 1.321676 1758491243652898217 1758491242984589717 -0.060007 -0.011791 0.474014
6.126143 6.006904 1.333545 1758491249657201555 1758491249486284070 -0.053269 -0.031680 0.490334
6.049377 5.982761 1.323518 1758491250659607422 1758491250029942196 -0.027357 -0.100512 0.423355
5.962074 6.128600 1.345468 1758491253662365672 1758491253533807225 -0.018190 -0.058451 0.251508
5.958670 6.136272 1.349457 1758491254660723310 1758491253838984770 -0.036541 -0.042697 0.330977
5.725763 6.124158 1.353438 1758491260598735782 1758491260431307823 -0.026341 -0.036009 0.345293
5.702431 6.130759 1.357778 1758491264601378321 1758491264078672865 -0.020216 -0.049063 0.320807
5.618447 5.976074 1.351965 1758491267603044768 1758491267355280774 -0.020731 -0.014263 0.366147
5.554455 5.943547 1.308504 1758491270605898153 1758491270530343516 -0.026959 -0.022880 0.352897
5.461889 6.125751 1.333129 1758491274609021548 1758491273909057413 0.023835 -0.034592 0.311621
5.324618 5.853630 1.329612 1758491277610066044 1758491277390911065 0.025415 -0.032759 0.382721
5.333267 5.907795 1.347331 1758491280547198013 1758491280530489765 0.040181 -0.002330 0.316395
5.336748 5.929619 1.345923 1758491281611794990 1758491280769432374 0.007153 -0.006965 0.297733
5.237368 5.845695 1.297635 1758491287617661176 1758491287079735092 -0.068382 0.076233 0.352018
5.141427 5.994678 1.308581 1758491290619791890 1758491290210675198 0.000383 0.024033 0.226201
4.976316 5.913731 1.314796 1758491293621697964 1758491293399685147 -0.008769 0.006240 0.282627
4.890254 5.978089 1.301946 1758491297627146163 1758491297341177315 -0.015297 0.034677 0.204713
4.776494 6.010160 1.386900 1758491300559963200 1758491300625709187 0.124258 -0.099989 0.110009
4.713393 5.862401 1.369204 1758491301627431944 1758491301581593872 0.089541 -0.120119 0.113483
4.682089 5.818499 1.355528 1758491305630213072 1758491305142942529 0.074295 -0.087181 0.178848
4.577571 6.032597 1.351883 1758491308632764509 1758491308480964668 0.087316 -0.013081 0.119293
4.451546 5.887803 1.351165 1758491312635779716 1758491312309191724 0.038402 -0.028420 0.217781
4.450012 5.856657 1.348176 1758491315636999781 1758491315628057759 0.103471 0.012223 0.207134
4.732914 6.384881 1.396007 1758491337652914345 1758491337637944681 -0.021659 -0.007039 0.023742
4.733770 6.389160 1.386937 1758491338653773433 1758491338012043614 -0.046351 0.022008 0.026623
4.545745 6.408306 1.373965 1758491341655645684 1758491341438601887 0.008641 -0.006448 -0.016372
4.554834 6.408111 1.371405 1758491342522603791 1758491341737458807 -0.012438 0.041560 -0.064764
4.336271 6.348843 1.361684 1758491354598440222 1758491354600081822 -0.039382 -0.062609 0.009424
4.321712 6.319406 1.360474 1758491355599409620 1758491354957128020 -0.036420 -0.053445 0.033058
4.170386 6.259402 1.386002 1758491361603731921 1758491361346171628 -0.047026 0.004964 0.016878
4.175754 6.242926 1.371911 1758491362603494325 1758491361697010830 -0.015878 -0.021135 0.098996
4.039736 6.253924 1.403147 1758491365538926028 1758491364893361001 -0.017044 -0.034382 0.054157
4.049362 6.011200 1.384057 1758491368535529425 1758491368586221381 -0.028917 0.015835 0.008141
4.019899 5.927619 1.376539 1758491372544137205 1758491372646981130 0.006396 -0.002261 -0.038078
4.019899 5.927619 1.376539 1758491373611621429 1758491372646981130 -0.027829 -0.023926 0.069144
4.042693 6.019300 1.402688 1758491376613495515 1758491375899992793 -0.044473 -0.000101 0.161284
3.852775 5.849325 1.415637 1758491379616146836 1758491379553244618 -0.022197 0.007409 0.271615
3.852775 5.849325 1.415637 1758491380550050878 1758491379553244618 -0.057392 0.008910 0.268031
3.694867 5.794130 1.398683 1758491383618420024 1758491382746575558 -0.070589 0.015256 0.305567
3.595702 5.828756 1.404947 1758491386620482405 1758491385955559369 -0.099353 0.005016 0.323307
3.558813 5.860697 1.358776 1758491389622797497 1758491389150257245 -0.173557 0.010677 0.300101
3.562217 5.692301 1.340683 1758491392559134866 1758491392488677975 -0.072851 -0.005471 0.394592
3.619026 5.724117 1.155390 1758491396561349888 1758491396072723701 -0.143901 -0.065956 0.370194
3.510561 5.418861 1.373916 1758491402499573619 1758491402421397878 0.008323 0.156956 0.264867
3.437915 5.505618 1.362633 1758491405634442128 1758491405562625696 -0.103185 0.055315 0.367742
3.441136 5.498571 1.356016 1758491406435161217 1758491405699117724 -0.091014 -0.001037 0.635512
3.360120 5.286905 1.384258 1758491409307191124 1758491409487191358 -0.082597 0.010245 0.809389
3.388645 5.238308 1.374789 1758491413640102082 1758491412792260517 -0.130852 0.024358 1.019405
3.088736 5.238997 1.371995 1758491416642388657 1758491416110341980 -0.095354 -0.009474 1.146671
3.179774 5.067725 1.329081 1758491419646061794 1758491419602456304 -0.124250 0.111008 1.225005
3.131057 5.087417 1.343693 1758491423647129822 1758491423210092535 -0.157333 0.000242 1.322383
2.806311 5.124034 1.320611 1758491426649074742 1758491426588642632 -0.200653 0.025583 1.349132
2.799975 5.128386 1.320581 1758491427649704248 1758491426690439094 -0.194334 -0.025735 1.335655
2.982772 4.775148 1.347840 1758491430651980135 1758491430509719467 0.001841 -0.105305 1.032194
2.956191 4.762307 1.351877 1758491431652940649 1758491431093714346 0.020731 -0.106899 0.900593
2.882682 4.619609 1.324293 1758491434655538431 1758491434541413866 -0.023593 -0.046741 0.690271
2.878990 4.573580 1.325662 1758491435656143859 1758491435261235977 -0.026548 -0.028649 0.608825
2.899499 4.351253 1.331271 1758491438657414103 1758491438467047473 -0.121768 0.011124 0.570794
3.063468 4.202199 1.359108 1758491442595162431 1758491442406180598 -0.047867 0.031820 0.589519
3.063468 4.202199 1.359108 1758491443395413527 1758491442406180598 -0.086258 0.012657 0.541166
3.116862 4.310923 1.330032 1758491445595677257 1758491445601533869 -0.084540 -0.020974 0.737341
3.116862 4.310923 1.330032 1758491446597484829 1758491445601533869 -0.075104 -0.012463 0.940106
3.051522 4.181933 1.331915 1758491449598127171 1758491448893453225 -0.045823 -0.039863 0.996396
2.762745 4.015369 1.370846 1758491455602900144 1758491455613379489 -0.041887 -0.054034 0.780615
2.749804 4.045273 1.364934 1758491456603576086 1758491456386213645 -0.025784 -0.033229 0.856000
2.978108 3.716266 1.347416 1758491459605933669 1758491459506667646 -0.012746 0.015401 0.825622
2.975128 3.723997 1.345140 1758491460606209078 1758491459970900743 -0.013974 0.024434 0.841280
2.894305 3.834726 1.357795 1758491463608474428 1758491463539294386 0.026770 0.002003 0.888946
2.811308 3.913177 1.358786 1758491464611414769 1758491464250282750 0.077310 -0.000595 0.848882
2.665610 3.873302 1.365735 1758491467611116010 1758491467547926973 0.027486 -0.013188 0.906018
2.610072 3.964733 1.383501 1758491468613750187 1758491468630952961 0.027991 -0.019174 0.808938
2.586436 3.969253 1.383448 1758491469613105957 1758491468883434252 0.033189 -0.048114 0.768476
2.527163 4.091565 1.344687 1758491472615670525 1758491472098087262 -0.123839 -0.031985 1.002218
2.477342 4.110668 1.352825 1758491475617095502 1758491475306948920 0.035088 -0.053745 0.818811
2.372735 4.303177 1.322212 1758491478619220159 1758491478553322288 -0.052091 0.007890 1.053939
2.340114 4.334395 1.320541 1758491479619888862 1758491479254163682 -0.048898 0.024624 1.081317
2.397253 4.243096 1.330810 1758491482621805544 1758491482467474822 -0.010681 -0.028662 0.779048
2.596167 3.825531 1.344784 1758491486625162485 1758491486369160519 0.005360 -0.028288 0.484107
2.323047 3.789645 1.342253 1758491492628978003 1758491492653155209 -0.031488 -0.023217 0.235708
2.323047 3.789645 1.342253 1758491493629543884 1758491492653155209 -0.057573 -0.009582 0.320496
2.333378 3.625950 1.365521 1758491496631542472 1758491495913007809 -0.020939 0.009752 -0.175308
2.256525 3.463622 1.369877 1758491499501814203 1758491499555065406 -0.024079 0.026035 -0.200691
2.267621 3.466965 1.366675 1758491500632904198 1758491500242772975 -0.030752 0.025114 -0.181135
2.283225 3.470179 1.358565 1758491503639235532 1758491503593300569 -0.069977 -0.002468 -0.034983
2.277187 3.463331 1.361944 1758491504637485532 1758491504295153312 0.012005 -0.035105 -0.050743
2.256187 3.674131 1.339793 1758491507640275458 1758491507633219649 -0.056633 0.016642 0.047420
2.255999 3.683560 1.336438 1758491508640244961 1758491507791766933 -0.050044 0.012825 0.137027
2.270845 3.571651 1.368007 1758491511642444438 1758491511376905365 0.003983 -0.080151 0.368863
2.276012 3.616122 1.362695 1758491514644972825 1758491514652382101 0.003813 -0.032367 0.303000
2.390690 3.476796 1.375860 1758491515645514048 1758491515594036388 0.043409 0.006938 0.395377
2.390690 3.476796 1.375860 1758491516514694402 1758491515594036388 -0.031409 0.014526 0.522504
2.449413 3.540421 1.329352 1758491519648506397 1758491519260514972 -0.043177 0.021111 0.595700
2.573052 3.424781 1.299940 1758491522583938152 1758491522639836852 -0.066441 -0.051315 0.851511
2.581118 3.425579 1.266834 1758491523653218969 1758491523063204906 -0.056046 -0.015544 0.854988
2.584419 3.411684 1.340514 1758491529588510386 1758491529397931262 -0.037728 -0.056502 0.749870
2.654490 3.246030 1.341182 1758491532591049221 1758491532542904513 -0.049166 -0.056346 0.827646
2.705842 3.338574 1.350235 1758491536593410861 1758491535849460724 -0.016280 -0.030064 0.986316
3.089690 3.010672 1.312273 1758491548602508818 1758491548609970372 -0.044082 -0.010660 0.474636
3.097206 2.919094 1.316118 1758491549604736770 1758491549571106522 -0.049162 0.000773 0.329815
3.104193 2.878876 1.316403 1758491550603433142 1758491550011487585 -0.023122 -0.000427 0.269548
3.191436 2.775065 1.332682 1758491553539104662 1758491553600569327 -0.013984 -0.024828 0.257323
3.192138 2.744898 1.318604 1758491554473131654 1758491553960753111 -0.006363 -0.032005 0.278250
2.994721 2.539198 1.353744 1758491557608678236 1758491557194192026 0.031148 -0.013188 0.201934
2.923544 2.389616 1.359515 1758491560610905253 1758491560630418133 0.048873 -0.038993 0.300307
2.925121 2.436564 1.365720 1758491561611362420 1758491561071173455 0.021998 -0.028728 0.285931
2.881383 2.250836 1.354080 1758491564613137890 1758491564624233935 0.008792 -0.043883 0.264509
2.901064 2.282979 1.355101 1758491565614000451 1758491565647420289 0.014613 -0.070825 0.235494
2.903898 2.275146 1.354679 1758491566614782823 1758491565697470727 -0.001667 -0.082002 0.231083
2.931246 2.111668 1.350853 1758491569550113680 1758491568906199725 -0.023571 -0.038427 0.369363
2.985396 2.090294 1.332203 1758491572618891398 1758491572166415116 0.012497 0.001576 0.519817
2.873756 2.110791 1.346057 1758491575623730139 1758491575376609741 0.021848 -0.024203 0.411903
2.663600 2.171839 1.348511 1758491578623124905 1758491578550149338 0.010049 0.006048 0.338104
2.649042 2.162323 1.351227 1758491579624220524 1758491579368960220 0.032426 -0.002254 0.285410
2.528699 2.161999 1.371698 1758491582626119038 1758491582636558579 0.052160 -0.025097 0.319482
2.528699 2.161999 1.371698 1758491583626639457 1758491582636558579 0.089916 -0.048069 0.256646
2.391513 2.231502 1.410828 1758491586562268992 1758491586025883607 0.089861 -0.068071 0.244626
2.395053 2.316792 1.365977 1758491589631404007 1758491589306645446 0.028327 -0.049057 0.254319
2.134007 2.355660 1.412325 1758491592634510731 1758491592448183390 0.069700 -0.065909 0.272575
2.094906 2.407397 1.383031 1758491595635746202 1758491595605232729 -0.001618 -0.040628 0.285464
2.071327 2.368983 1.385313 1758491596636280816 1758491595958364367 -0.025911 -0.104662 0.406121
1.933848 2.451745 1.401838 1758491599637762598 1758491599542167245 0.039211 -0.034690 0.539782
1.848746 2.721684 1.388475 1758491603642122944 1758491603195371415 -0.016658 -0.081506 0.976808
1.838850 2.802014 1.396365 1758491606576668490 1758491606638071422 -0.009057 -0.037457 1.033243
1.838386 2.809094 1.390332 1758491607643409018 1758491606812794356 -0.006850 -0.100708 0.951193
1.923991 2.723418 1.393494 1758491610645805280 1758491610551761157 -0.086486 -0.005948 0.950678
1.934310 2.773642 1.389075 1758491611646437550 1758491611114311290 -0.005531 -0.065859 0.906058
1.837607 2.937149 1.444785 1758491614648653531 1758491614492816699 -0.082347 -0.089741 0.763889
1.839299 2.936531 1.443921 1758491615649715435 1758491614974302120 -0.086711 -0.111858 0.793842
1.874879 2.847902 1.464046 1758491618651899208 1758491618386306051 -0.032913 -0.083902 0.852217
1.905318 3.048950 1.459001 1758491621586715111 1758491621638354063 -0.085448 -0.085398 0.786841
1.854311 3.107712 1.455750 1758491622587286940 1758491622377518816 -0.083088 -0.097511 0.837735
1.891755 3.027541 1.458495 1758491625589404673 1758491625523366647 -0.054350 -0.094916 0.938357
1.885166 3.028040 1.454707 1758491626590953249 1758491625756732764 -0.019407 -0.061840 0.939332
1.808933 3.338532 1.455112 1758491629592383617 1758491629647870755 -0.040089 -0.072804 1.005411
1.808933 3.338532 1.455112 1758491630593067547 1758491629647870755 -0.045181 -0.078553 1.049828
1.866563 3.248471 1.460433 1758491633595227539 1758491633120046842 -0.002353 -0.054504 0.821708
2.010163 2.866351 1.442338 1758491636598482997 1758491636406452884 -0.042468 -0.056773 0.503281
2.018593 2.671632 1.442517 1758491639599644994 1758491639580719911 -0.039480 -0.020075 0.141858
2.027414 2.716988 1.457458 1758491640600776072 1758491640297872402 -0.047253 -0.011057 0.153090
1.967283 2.545262 1.465013 1758491643603836795 1758491643460385533 -0.030903 -0.029206 0.071277
1.954106 2.494062 1.467753 1758491644536454969 1758491643813396156 -0.031794 -0.032954 0.098911
1.853875 2.534986 1.467106 1758491647605427793 1758491647363398126 0.020795 -0.010380 0.176356
1.857557 2.478688 1.466680 1758491648605602437 1758491647697626463 -0.010043 -0.024153 0.196511
1.958821 2.308694 1.476304 1758491651607942446 1758491651152278582 -0.021941 -0.020313 0.209534
2.026205 2.247495 1.446511 1758491654610576975 1758491654619146087 -0.008393 0.033609 0.201600
2.074057 2.189867 1.451656 1758491655610838597 1758491655453062185 -0.023951 -0.020267 0.276207
2.116780 2.130262 1.457483 1758491656611758656 1758491656506215518 -0.024968 -0.003109 0.306334
2.112293 2.125667 1.454764 1758491657614096252 1758491656886523568 -0.011454 0.002234 0.271947
2.159653 1.996033 1.452741 1758491660614898299 1758491660125635880 0.016567 0.025328 0.131015
2.246586 2.026756 1.375202 1758491663616356846 1758491663337673367 0.057772 -0.105079 -0.023529
2.210136 1.965820 1.309311 1758491666619238238 1758491666614961954 0.001261 0.016158 -0.300888
2.311986 2.092871 1.278022 1758491670621507713 1758491669892304636 -0.023713 -0.008416 0.038597
2.368960 2.175153 1.252975 1758491673623968035 1758491673361331288 -0.084409 -0.007504 0.124989
2.467205 2.057689 1.284427 1758491677493054100 1758491677366807694 -0.056880 -0.002781 0.245414
2.488372 2.165124 1.268801 1758491680161470220 1758491680518491813 -0.057010 -0.051967 0.363747
2.562990 2.061403 1.279730 1758491681628997937 1758491681462837515 -0.025508 -0.043065 0.346577
2.637327 2.031908 1.272397 1758491684497705641 1758491684637386671 -0.047775 0.011110 0.343912
2.632297 2.041485 1.269306 1758491685633583994 1758491684763640472 -0.055161 -0.008165 0.368652
2.757404 1.974339 1.258738 1758491688634540331 1758491688455172923 -0.059006 0.016064 0.348453
2.872249 2.106374 1.436400 1758491692636872854 1758491692530313757 -0.098483 0.011744 1.321918
2.923734 2.048233 1.434074 1758491696640049449 1758491696515166532 -0.117102 0.052351 1.098584
3.073801 1.897402 1.442430 1758491699642541462 1758491699642834125 -0.110271 -0.002174 0.885948
3.073836 1.900211 1.443988 1758491700643553064 1758491699792536806 -0.095235 -0.014025 0.893306
3.034643 2.050714 1.428411 1758491703644263578 1758491703376334477 -0.120271 -0.000900 0.987416
3.284234 1.981313 1.420638 1758491706647128026 1758491706514916625 -0.090448 -0.013287 1.062753
3.334587 1.970625 1.390590 1758491710583015577 1758491709710903703 -0.147029 0.009156 1.056806
3.328042 1.988287 1.357088 1758491713586343854 1758491713616430884 -0.130858 0.030530 1.017178
3.249701 2.059565 1.362211 1758491714585542695 1758491714435113158 -0.133246 0.004732 1.058224
3.262099 2.049668 1.317067 1758491717587993894 1758491717558018124 -0.231962 -0.030495 1.060978
3.220336 2.103732 1.322192 1758491721590591861 1758491720784101797 -0.289172 -0.081276 1.054212
6.129595 5.741295 1.271003 1758491870629384266 1758491870336479067 -0.091502 0.050196 0.708402
6.129360 5.745467 1.263828 1758491871629887513 1758491871054070115 -0.094996 0.052014 0.717251
5.744035 5.388330 1.329606 1758491880636289239 1758491880426674881 0.004591 -0.083451 0.589485
5.380905 5.238358 1.342278 1758491883638987219 1758491883600815024 -0.011300 -0.037505 0.607167
5.380223 5.298643 1.324126 1758491887643813088 1758491886877444511 -0.018623 -0.056402 0.495874
5.108971 5.130809 1.358306 1758491890577939980 1758491889978842487 0.029510 -0.076442 0.472032
5.098504 5.148659 1.363989 1758491893579000312 1758491893173786846 0.050459 -0.066206 0.441884
5.035910 4.923504 1.357583 1758491896447463452 1758491896502995287 0.007979 -0.017457 0.508694
5.013188 4.882911 1.334138 1758491897581588232 1758491896777166280 -0.000598 0.030874 0.614732
4.916522 4.925817 1.313118 1758491900584174110 1758491900559529218 0.002989 -0.022170 0.591326
4.916206 4.927117 1.315226 1758491901584963558 1758491900679985287 0.000650 -0.012192 0.596770
4.937632 4.851548 1.331886 1758491904588316569 1758491903876490094 0.031595 -0.039283 0.378799
5.034951 4.723081 1.321379 1758491907591499724 1758491907534877761 0.014474 -0.039045 0.289463
4.920541 4.728182 1.324488 1758491911525253095 1758491911632089174 -0.041158 -0.014998 0.210394
4.919320 4.747646 1.309970 1758491912258762987 1758491912067731804 -0.005360 0.043100 0.252415
4.938903 4.893279 1.145815 1758491918529704297 1758491918314522246 -0.067795 0.075092 0.349619
4.800270 4.954402 1.296952 1758491921598887804 1758491921488508698 0.026844 -0.031943 0.615422
4.792660 4.828788 1.304501 1758491922599173439 1758491922537214663 0.026421 -0.082519 0.720975
4.791804 4.765696 1.313586 1758491923600624355 1758491923127965672 0.060413 -0.083557 0.736167
4.738899 4.796105 1.263708 1758491929404052672 1758491929271428219 -0.108861 0.135513 1.077581
4.587602 4.640552 1.311275 1758491935608516818 1758491935551809602 -0.095889 0.034436 0.904605
4.587602 4.640552 1.311275 1758491936542339283 1758491935551809602 -0.097874 -0.024959 0.876333
4.689315 4.487671 1.356553 1758491939611623713 1758491938794312859 -0.130278 -0.013482 0.829932
4.710421 4.449900 1.337858 1758491942613418136 1758491941915332168 -0.120821 -0.022745 0.841210
4.762698 4.384310 1.344571 1758491948617766213 1758491948536750606 -0.099640 -0.016861 0.809560
4.893535 4.160637 1.349028 1758491952621150210 1758491952568599882 -0.053310 0.008637 0.857607
4.894771 4.161438 1.349546 1758491953621663314 1758491952686807037 -0.018422 -0.051596 0.850955
4.781161 4.414716 1.202341 1758491956624794082 1758491955872594382 -0.146859 -0.144749 1.225021
4.617089 4.614155 1.175089 1758491959492731668 1758491959627253653 -0.118642 -0.068284 1.333570
4.603456 4.550753 1.193051 1758491960626134464 1758491960452647301 -0.131867 -0.047180 1.376614
4.596370 4.654889 1.204974 1758491963629394302 1758491963558793972 -0.073195 -0.029394 1.313692
4.468757 4.770518 1.203049 1758491967631498566 1758491967084761315 -0.082458 -0.019573 1.460902
4.567057 4.691873 1.195424 1758491970634925286 1758491970436129958 -0.096071 -0.027343 1.295557
4.589108 4.652708 1.188851 1758491973635055975 1758491973532180662 -0.074539 -0.018981 0.989347
4.595120 4.638842 1.202625 1758491974636158101 1758491974636294048 -0.057781 -0.019424 0.810129
4.622192 4.283010 1.173290 1758491978638994969 1758491978275952127 -0.081838 0.051146 0.454964
4.755453 4.180154 1.181240 1758491981575374664 1758491981495973356 -0.087935 0.000129 0.253452
4.743039 4.115138 1.178443 1758491982575481257 1758491981905233584 -0.051768 -0.010631 0.270299
4.766528 3.887243 1.195961 1758491985578205060 1758491985065433303 -0.052607 0.023730 0.124464
4.788955 3.803024 1.196999 1758491988512761877 1758491988356423870 -0.005908 0.045452 0.134761
4.694723 3.583808 1.211239 1758491991581601339 1758491991530891527 0.006493 0.021208 -0.009448
4.682304 3.568741 1.214309 1758491992580513211 1758491991918797266 -0.022243 -0.027915 -0.098408
4.861344 3.543188 1.198995 1758491995584245647 1758491995114591313 0.014362 0.000082 -0.072922
4.672757 3.399049 1.219381 1758491998586622905 1758491998274972382 0.021763 -0.008543 0.009689
4.727199 3.329043 1.215356 1758492001582213809 1758492001565297956 0.026244 0.019234 -0.188935
4.885425 3.374673 1.211895 1758492005591328581 1758492004670654693 -0.000783 0.002630 -0.198236
4.721444 3.175399 1.223464 1758492008593278672 1758492008631516624 0.083761 0.023601 -0.099371
4.782045 3.219851 1.240892 1758492009593825025 1758492009480565723 0.085692 0.019338 0.056264
4.792720 3.235455 1.241840 1758492010595188336 1758492009822541716 0.067632 -0.007807 0.105691
4.833747 3.540184 1.216830 1758492016599226229 1758492016577299292 0.016963 -0.041975 0.634330
4.857403 3.569828 1.223857 1758492017599780893 1758492017279913449 0.021025 -0.050471 0.647436
4.756813 3.516825 1.228650 1758492020601810254 1758492020618550753 0.000870 -0.070493 0.948080
4.702973 3.507776 1.220415 1758492021535906449 1758492021392277727 0.045381 -0.113164 0.988725
4.534670 3.553604 1.240890 1758492024604887505 1758492024606170934 -0.001913 -0.082152 1.048241
4.515060 3.494266 1.237427 1758492025272860629 1758492025411299884 -0.003464 -0.064276 1.065518
4.347209 3.643347 1.222598 1758492029608424524 1758492028703428357 -0.032134 -0.062833 0.960217
4.176867 3.482801 1.212096 1758492035479500949 1758492035436132871 -0.066892 -0.014160 1.147714
4.174357 3.485574 1.214058 1758492036615023661 1758492035817056615 -0.072733 0.019796 1.164141
4.057916 3.738928 1.192358 1758492039615337142 1758492039556860205 -0.097095 0.010882 1.026200
3.952698 3.597581 1.213356 1758492043618356470 1758492043140669975 -0.080091 0.002181 1.053432
3.897692 3.512221 1.198767 1758492046620058912 1758492046417459939 -0.072570 0.004495 0.997330
3.755108 3.707489 1.208926 1758492049624129000 1758492049548310997 -0.046741 0.062266 1.011762
3.701784 3.735866 1.241523 1758492050622948876 1758492050615547354 -0.016131 -0.054779 0.996918
3.698105 3.737082 1.241228 1758492051623900102 1758492050821035850 -0.008960 -0.087651 1.009848
3.694197 3.621467 1.252547 1758492054626972583 1758492053940260444 0.023698 -0.061281 0.955813
3.654808 3.652191 1.314374 1758492057628116599 1758492057531293171 -0.000133 -0.133503 1.083408
3.647330 3.634228 1.298654 1758492058627913059 1758492057876233860 0.032453 -0.071291 1.192657
3.339862 3.839578 1.287214 1758492061630734347 1758492061163168972 -0.008122 -0.133009 1.200377
3.317243 3.649137 1.306475 1758492064632623698 1758492064293677007 0.033768 -0.130988 1.255526
3.137065 3.774724 1.308611 1758492067635354035 1758492067484197584 0.049849 -0.139526 1.224717
3.112337 3.808034 1.306899 1758492068635598522 1758492068229025126 0.049955 -0.122479 1.255050
3.038038 3.678529 1.299640 1758492071571213375 1758492071506231862 0.049655 -0.102550 1.293995
2.824492 3.882877 1.322891 1758492075574455369 1758492075484508362 0.074410 -0.076871 1.382668
2.815219 3.871170 1.316286 1758492076575436522 1758492076011192228 0.051622 -0.113197 1.454413
2.593043 3.874999 1.322595 1758492079443560350 1758492079479104080 0.012054 -0.133149 1.471400
2.491294 3.841913 1.326547 1758492083580063022 1758492082769056928 0.010418 -0.059380 1.511649
2.327410 3.892874 1.309916 1758492086048034486 1758492085920288063 0.025462 -0.085203 1.426596
2.256055 3.936253 1.297440 1758492089584970304 1758492089133577324 0.006660 -0.083605 1.498231
2.115853 3.981137 1.333798 1758492092386512115 1758492092590265634 0.029480 -0.106353 1.366488
2.109122 3.998435 1.334662 1758492093587407099 1758492092683198873 0.024038 -0.088570 1.481287
1.983283 3.860630 1.295229 1758492096589140724 1758492096427841571 -0.049796 -0.010958 1.342107
1.953960 3.866373 1.278866 1758492097589558040 1758492096789213024 0.030790 -0.067043 1.283720
1.820966 4.062884 1.380019 1758492100591871139 1758492100543588570 0.091506 -0.164555 1.184190
1.820939 4.064400 1.379058 1758492101592656662 1758492100792324521 0.030888 -0.133681 1.215586
1.631670 4.015979 1.343962 1758492104594292338 1758492103966411666 0.015477 -0.044023 1.107114
1.490615 4.004941 1.405877 1758492107596627119 1758492107140431500 -0.113620 0.063239 1.240045
1.379650 4.136746 1.432510 1758492110465740531 1758492110623393793 -0.156973 0.069807 1.120899
1.379650 4.136746 1.432510 1758492111537072088 1758492110623393793 -0.125101 0.054285 1.169516
1.193195 4.228199 1.438629 1758492114601710824 1758492113899723063 -0.112838 0.015588 1.096820
1.089834 4.222805 1.435259 1758492117604353987 1758492117439382487 -0.115046 0.010750 0.958203
1.000429 4.253688 1.437037 1758492121607577432 1758492121067446687 -0.129935 -0.026469 0.966952
1.050738 4.466642 1.438991 1758492124608636087 1758492124583618255 -0.077924 0.010255 0.834431
1.035025 4.480917 1.431296 1758492125609477161 1758492125368247507 -0.051906 0.004235 0.668476
1.107051 4.219656 1.450171 1758492128611504429 1758492128481980097 -0.014878 0.018603 0.393875
1.116684 4.189517 1.453498 1758492129278908278 1758492128841124376 -0.008807 0.015389 0.304047
1.137897 4.057186 1.455077 1758492132614827796 1758492132578199756 -0.010516 0.029096 0.254114
1.138495 4.066183 1.450653 1758492133615398573 1758492133559730751 -0.038115 0.018851 0.243577
1.150766 3.999561 1.486602 1758492134615923351 1758492134551135024 0.012857 -0.003102 0.214549
1.076169 4.305998 1.437858 1758492141620528425 1758492140863108214 -0.113475 0.078369 0.258225
1.076697 4.266587 1.420577 1758492144623928021 1758492144540564015 -0.115455 0.079153 0.202356
1.085790 4.303028 1.413094 1758492145623336345 1758492144926606743 -0.131418 0.079121 0.210002
1.161692 4.463484 1.404611 1758492148626143810 1758492148159310880 -0.148527 0.046921 0.167929
1.149081 4.599515 1.424037 1758492151627973438 1758492151632919859 -0.122146 0.065739 0.219777
1.141375 4.571058 1.421474 1758492152628342844 1758492152337242020 -0.150607 0.059541 0.212601
1.167507 4.874162 1.291068 1758492162502050019 1758492161664632669 -0.069191 0.021207 -0.231751
1.210439 4.951750 1.384899 1758492165572698337 1758492164895716636 -0.150736 0.022732 0.085746
1.158741 4.977205 1.436566 1758492168573261551 1758492168581351232 -0.104865 0.063372 0.016274
1.157091 4.974790 1.436055 1758492169574596592 1758492168693718082 -0.091315 0.055793 -0.055640
1.036656 4.789794 1.456189 1758492172576364879 1758492171925837460 -0.062505 0.078971 -0.353890
1.071161 4.836641 1.456957 1758492175578129746 1758492175134439664 -0.038257 0.038505 -0.192529
1.139329 4.965047 1.449584 1758492178514418307 1758492178491758281 -0.107590 0.009579 0.066175
1.200148 5.121689 1.448924 1758492179583145173 1758492179231403014 -0.103996 0.024957 0.162949
1.181223 5.283809 1.431757 1758492182582793688 1758492182404900291 -0.108115 0.003890 0.404696
1.235480 5.435411 1.424834 1758492185584924640 1758492185607307419 -0.014300 0.038717 0.127052
1.233462 5.432324 1.424580 1758492186585981325 1758492185933506716 -0.035188 0.020069 0.104499
1.312360 5.467441 1.434682 1758492189588254140 1758492189480081443 -0.005746 0.030849 -0.073500
1.336144 5.468629 1.418495 1758492190588667097 1758492190597602734 -0.038090 0.116795 -0.125252
1.336144 5.468629 1.418495 1758492191589485679 1758492190597602734 -0.058907 0.140731 -0.044369
1.361467 5.542969 1.413209 1758492194524656765 1758492194590388298 -0.138050 -0.025497 -0.011946
1.364726 5.548381 1.405894 1758492195393692716 1758492195063046010 -0.112458 0.022810 -0.013680
1.331301 5.468133 1.404376 1758492198528588160 1758492198549602893 -0.036615 0.070699 -0.156612
1.246367 5.338195 1.411042 1758492202597225289 1758492201727166630 -0.029181 0.050565 -0.489765
